rsid	CHR	BP	Start	Stop
rs55660209	17	43932173	43682173	44182173
rs11602961	11	47727748	47477748	47977748
rs56130536	12	48154959	47904959	48404959
rs7901695	10	114754088	114504088	115004088
rs948386	18	19998810	19748810	20248810
rs9826966	3	18737796	18487796	18987796
rs2076211	22	44329078	44079078	44579078
rs1006195	11	118958869	118708869	119208869
rs61960706	12	133777822	133527822	134027822
rs9845140	3	18728878	18478878	18978878
rs2076211	22	44329078	44079078	44579078
rs2867113	2	651365	401365	901365
rs9299525	10	76878025	76628025	77128025
