rsid	CHR	BP	Start	Stop
rs11840818	13	79425845	79175845	79675845
rs3936134	17	65814382	65564382	66064382
rs1765131	11	30404538	30154538	30654538
rs2458203	17	44336651	44086651	44586651
rs4269101	3	18763543	18513543	19013543
rs72683923	14	50735947	50485947	50985947
rs73022871	19	30990705	30740705	31240705
rs9381618	6	47780081	47530081	48030081
rs185238112	4	100801033	100551033	101051033
rs13257298	8	42764722	42514722	43014722
rs12484801	22	44325565	44075565	44575565
rs11570792	14	50847010	50597010	51097010
rs1364063	16	69588572	69338572	69838572
rs7088974	10	76891096	76641096	77141096
rs10149845	14	30177079	29927079	30427079
rs9526214	13	47237213	46987213	47487213
rs4954212	2	135780168	135530168	136030168
rs12602912	17	65870073	65620073	66120073
rs1531817	15	101906737	101656737	102156737
rs3896224	10	106467853	106217853	106717853
rs9795910	12	51795623	51545623	52045623
rs11599236	10	106454672	106204672	106704672
rs9795910	12	51795623	51545623	52045623
rs10839321	11	49670562	49420562	49920562
rs2291031	17	73228173	72978173	73478173
rs2606736	3	11400249	11150249	11650249
rs6050446	20	25195509	24945509	25445509
rs7342938	17	29189830	28939830	29439830
